# vim: set fdm=marker :

###################################
# Lambda_c -> Proton form factors #
###################################
# {{{
Lambda_c->Proton::a_time+long+perp^V+A@M:2016A:
    type: MultivariateGaussian(Covariance)
    observables:
      - Lambda_c->Proton::a_0_perp^V@DM2016
      - Lambda_c->Proton::a_1_perp^V@DM2016
      - Lambda_c->Proton::a_2_perp^V@DM2016
      - Lambda_c->Proton::a_0_long^V@DM2016
      - Lambda_c->Proton::a_1_long^V@DM2016
      - Lambda_c->Proton::a_2_long^V@DM2016
      - Lambda_c->Proton::a_0_time^V@DM2016
      - Lambda_c->Proton::a_1_time^V@DM2016
      - Lambda_c->Proton::a_2_time^V@DM2016
      - Lambda_c->Proton::a_0_long^A@DM2016
      - Lambda_c->Proton::a_1_perp^A@DM2016
      - Lambda_c->Proton::a_2_perp^A@DM2016
      - Lambda_c->Proton::a_1_long^A@DM2016
      - Lambda_c->Proton::a_2_long^A@DM2016
      - Lambda_c->Proton::a_0_time^A@DM2016
      - Lambda_c->Proton::a_1_time^A@DM2016
      - Lambda_c->Proton::a_2_time^A@DM2016
      - Lambda_c->Proton::a_0_perp^T@DM2016
      - Lambda_c->Proton::a_1_perp^T@DM2016
      - Lambda_c->Proton::a_2_perp^T@DM2016
      - Lambda_c->Proton::a_0_long^T@DM2016
      - Lambda_c->Proton::a_1_long^T@DM2016
      - Lambda_c->Proton::a_2_long^T@DM2016
      - Lambda_c->Proton::a_0_long^T5@DM2016
      - Lambda_c->Proton::a_1_perp^T5@DM2016
      - Lambda_c->Proton::a_2_perp^T5@DM2016
      - Lambda_c->Proton::a_1_long^T5@DM2016
      - Lambda_c->Proton::a_2_long^T5@DM2016
    kinematics:
        [ {}, {}, {}, {}, {}, {}, {}, {}, {}, {}, {}, {}, {}, {}, {}, {}, {}, {}, {}, {}, {}, {}, {}, {}, {}, {}, {}, {} ]
    options:
        [ {}, {}, {}, {}, {}, {}, {}, {}, {}, {}, {}, {}, {}, {}, {}, {}, {}, {}, {}, {}, {}, {}, {}, {}, {}, {}, {}, {} ]
    means:
        [1.3629101111921, -1.6996176062383, 0.70894108564687, 
        0.83253055920653, -2.3309542260103, 8.4088373584501, 
        0.83558637190456, -2.5698251471323, 9.8729125261567, 
        0.68653490341925, -0.68345507203321, 0.69589476713259, 
        -0.90303820170714, 2.249274327598, 0.72755668638733, 
        -0.96674724145661, 0.82644748408508, 0.63353942203683, 
        -1.0352768906776, 1.4209332847548, 1.111320720066, 
        -0.68870038548072, -2.8436650308711, 0.62562392794376, 
        -1.3886937865559, 4.2242261969563, -1.1924360577673, 3.7297035832191 ]
    covariance:
      - [0.004976070869087, -0.040560362775506, 0.049129094016458, 0.001103438809438, -0.006298440377846, 0.005129875598309, 0.000520550010591, -0.002670695413622, 0.006991039780006, 0.000606893071767, -0.002938271300709, -0.006161014636404, -0.003053723246729, -0.003181959550711, 0.001271624138843, -0.006924760445539, -0.007079482145642, 0.000905827069971, -0.002664321276954, -0.016135722593545, 0.00245256268878, -0.011289256394542, -0.023979780054216, 0.000522814026553, -0.002067137525643, 0.005386576529244, -0.002216275419723, 0.002509341871952 ]
      - [-0.040560362775506, 0.69142894589074, -2.7447930176295, -0.00659768324368, 0.084667625407352, -0.28427629291223, -0.003759211364613, 0.062924758991361, -0.26606968660429, -0.00304136905926, 0.024938981575012, 0.000206712021383, 0.020941958421233, 0.019648978369901, -0.005722501266702, 0.038144522518395, 0.024830665281227, -0.005079834148939, 0.056595228426022, -0.152283007648125, -0.013154259068308, 0.13008097116077, -0.25136055982094, -0.002923477645247, 0.03298602711869, -0.107960764577405, 0.033969028512197, -0.092919313416234 ]
      - [0.049129094016458, -2.7447930176295, 18.802244747435, -0.000928614575234, -0.28401041711626, 2.0859590863617, 0.005566423443799, -0.321799909165255, 2.04738248257405, -0.005800584007909, -0.036323696610528, 0.80032246359443, -0.021560760582968, 0.791235422875165, -0.013719447358231, 0.025162012761242, 0.832790183467905, -0.004074219670745, -0.20517586924886, 1.9460651288888, -0.014034081958363, -0.328988683871115, 3.49661125107265, -0.00325645378614, -0.124342380242315, 1.0266332348032, -0.13262041559522, 0.995302964781375 ]
      - [0.001103438809438, -0.00659768324368, -0.000928614575234, 0.001241382655367, -0.014624033562734, 0.04194851657781, 0.000466178903285, -0.005130905303439, 0.013179599631122, 0.000308069202794, -0.001508464931174, -0.005025167149164, -0.001436625185841, -0.00251965235118, 0.000620603187378, -0.002668415903475, -0.008267848728631, 0.000495545501601, -0.003262699292705, 0.000043659875367, 0.000854945803638, -0.004078399061916, -0.007927898947826, 0.000295602444981, -0.002399567202891, 0.00235081442229, -0.00223922142445, 0.000496250749147 ]
      - [-0.006298440377846, 0.084667625407352, -0.28401041711626, -0.014624033562734, 0.31320810969398, -1.4028182245455, -0.004255749594719, 0.117411445332415, -0.555934838286685, -0.001459929064431, 0.016369957195395, 0.008755536484733, 0.01126491391805, 0.00263264977342, -0.00302355885637, 0.013430595085738, 0.058230177892783, -0.00355429524188, 0.056181173661655, -0.1820168952252, -0.004196966719818, 0.050994183891908, -0.12512420708496, -0.002057625254821, 0.046133642609314, -0.1609584174355, 0.045308988303281, -0.144287896597025 ]
      - [0.005129875598309, -0.28427629291223, 2.0859590863617, 0.04194851657781, -1.4028182245455, 9.2974633931233, 0.004548885278357, -0.480904167193735, 4.78324199141175, -0.002104400462386, -0.023943467617271, 0.813767868335155, -0.01185616764814, 0.607248377791185, -0.002874604180017, 0.008498805805812, 0.505462997539995, 0.003191477050601, -0.17105035965373, 1.5733250664686, -0.001579970243073, -0.143240671089605, 1.3584129150389, 0.000311296356997, -0.170522898912645, 1.7635394562433, -0.18289336606044, 1.94792562768235 ]
      - [0.000520550010591, -0.003759211364613, 0.005566423443799, 0.000466178903285, -0.004255749594719, 0.004548885278357, 0.001357003334174, -0.017112787352721, 0.050611302637753, 0.000307013267734, -0.001232408752413, -0.004101709233208, -0.001748516764939, -0.00188864459241, 0.000344242775544, -0.001490382540484, -0.005256782932495, 0.000303921049555, -0.002231191707932, 0.001244483704328, 0.000372716044926, -0.002152228589056, -0.000793039393292, 0.000368236083644, -0.003019834938248, 0.000860120752287, -0.002499212579448, -0.000258954210389 ]
      - [-0.002670695413622, 0.062924758991361, -0.321799909165255, -0.005130905303439, 0.117411445332415, -0.480904167193735, -0.017112787352721, 0.36033188423556, -1.5706856425191, -0.001955347603023, 0.018280582986585, 0.018449239565227, 0.01788390259405, -0.00800859461373, -0.001722374224396, 0.006299868272858, 0.059009963902741, -0.002680068472088, 0.05227523230047, -0.185779829668725, -0.001395409116831, 0.035517093049608, -0.15574809390125, -0.003149729311464, 0.057394440078234, -0.15670397713667, 0.053647766146256, -0.12519934735273 ]
      - [0.006991039780006, -0.26606968660429, 2.04738248257405, 0.013179599631122, -0.555934838286685, 4.78324199141175, 0.050611302637753, -1.5706856425191, 9.9169842205864, 0.001249337207926, -0.049121761379693, 0.70779415129586, -0.0421411006926, 0.65023557223843, 0.000800547864904, 0.003412405024362, 0.36535401272541, 0.005925036649074, -0.1911350109461, 1.544759243073, 0.00129531785617, -0.12600624538512, 1.24286189115475, 0.004351542152617, -0.218041153679635, 1.8021834051365, -0.22703427817786, 1.85441303574735 ]
      - [0.000606893071767, -0.00304136905926, -0.005800584007909, 0.000308069202794, -0.001459929064431, -0.002104400462386, 0.000307013267734, -0.001955347603023, 0.001249337207926, 0.000449406204029, -0.003747633110191, 0.003631486121166, -0.004158347518953, 0.006052228685195, 0.000438716898735, -0.003146324240511, -0.000196356149423, 0.000260026988792, -0.000977945774479, -0.004791801264051, 0.000485112398771, -0.002203129098288, -0.007615346309739, 0.000320802407807, -0.002458323211857, 0.001400330322826, -0.002222114310724, 0.000591014118602 ]
      - [-0.002938271300709, 0.024938981575012, -0.036323696610528, -0.001508464931174, 0.016369957195395, -0.023943467617271, -0.001232408752413, 0.018280582986585, -0.049121761379693, -0.003747633110191, 0.10215926753106, -0.494321724261305, 0.061419028762581, -0.207809850034555, -0.003240777978959, 0.044745921984177, -0.11928222890653, -0.001303824508349, 0.017271243538308, -0.038775172108342, -0.002587308112898, 0.022507589791072, -0.027086396768174, -0.002260626627082, 0.038259416226105, -0.13338775740023, 0.040481409135926, -0.13528913826875 ]
      - [-0.006161014636404, 0.000206712021383, 0.80032246359443, -0.005025167149164, 0.008755536484733, 0.813767868335155, -0.004101709233208, 0.018449239565227, 0.70779415129586, 0.003631486121166, -0.494321724261305, 4.7429186257701, -0.19678378156089, 1.76679994750125, -0.000617835587261, -0.149831931148825, 1.64419658827415, -0.004201371229721, 0.003063093111202, 0.73209640275179, -0.006418089275597, -0.00344672392755, 0.83506479605916, -0.000530323156938, -0.11270129829362, 1.56717342503665, -0.146321937506685, 1.99483785853155 ]
      - [-0.003053723246729, 0.020941958421233, -0.021560760582968, -0.001436625185841, 0.01126491391805, -0.01185616764814, -0.001748516764939, 0.01788390259405, -0.0421411006926, -0.004158347518953, 0.061419028762581, -0.19678378156089, 0.083682927105175, -0.38919318531234, -0.002974953043317, 0.045091630986872, -0.183621159931975, -0.001202675928969, 0.008974019611829, -0.006398133870856, -0.002590131395106, 0.019943555930196, -0.03245869904331, -0.00261145511459, 0.036819174343653, -0.13644936923584, 0.036950119087724, -0.13017481045085 ]
      - [-0.003181959550711, 0.019648978369901, 0.791235422875165, -0.00251965235118, 0.00263264977342, 0.607248377791185, -0.00188864459241, -0.00800859461373, 0.65023557223843, 0.006052228685195, -0.207809850034555, 1.76679994750125, -0.38919318531234, 3.6226281873917, -0.002116097276506, -0.14937231150662, 2.3722968971803, -0.002392531286183, 0.041312698733213, 0.37264859275549, -0.00243716656205, -0.000612099270527, 0.96408632941547, 0.001641573373581, -0.111252736105915, 1.49013609604435, -0.13160553163629, 1.56490297457055 ]
      - [0.001271624138843, -0.005722501266702, -0.013719447358231, 0.000620603187378, -0.00302355885637, -0.002874604180017, 0.000344242775544, -0.001722374224396, 0.000800547864904, 0.000438716898735, -0.003240777978959, -0.000617835587261, -0.002974953043317, -0.002116097276506, 0.001717306186526, -0.0168396300662, 0.033256127473268, 0.000501067249731, -0.001919864256967, -0.008561495933285, 0.001064157938568, -0.004333489612117, -0.015911728883421, 0.000361601274969, -0.002463478013364, 0.000635234975849, -0.002452048001558, -0.001237356809829 ]
      - [-0.006924760445539, 0.038144522518395, 0.025162012761242, -0.002668415903475, 0.013430595085738, 0.008498805805812, -0.001490382540484, 0.006299868272858, 0.003412405024362, -0.003146324240511, 0.044745921984177, -0.149831931148825, 0.045091630986872, -0.14937231150662, -0.0168396300662, 0.27429318097035, -1.0695396598557, -0.002116931419802, 0.008974770876926, 0.02967974610334, -0.005861572664203, 0.034855232403704, 0.010894712769134, -0.002675866166063, 0.034206839551681, -0.122220042869405, 0.0362735446304, -0.127903829137495 ]
      - [-0.007079482145642, 0.024830665281227, 0.832790183467905, -0.008267848728631, 0.058230177892783, 0.505462997539995, -0.005256782932495, 0.059009963902741, 0.36535401272541, -0.000196356149423, -0.11928222890653, 1.64419658827415, -0.183621159931975, 2.3722968971803, 0.033256127473268, -1.0695396598557, 6.8213985562168, -0.007071922402983, 0.08353528086568, 0.30038769862148, -0.006510671384142, -0.00476673461579, 1.0449075011393, 0.000262291511419, -0.093565339135408, 1.42869928368985, -0.116729156579545, 1.631718763919 ]
      - [0.000905827069971, -0.005079834148939, -0.004074219670745, 0.000495545501601, -0.00355429524188, 0.003191477050601, 0.000303921049555, -0.002680068472088, 0.005925036649074, 0.000260026988792, -0.001303824508349, -0.004201371229721, -0.001202675928969, -0.002392531286183, 0.000501067249731, -0.002116931419802, -0.007071922402983, 0.000955742163927, -0.008222852928599, 0.007152129304063, 0.000784192440842, -0.003928201806745, -0.007368646251637, 0.000243926993031, -0.001766960525064, 0.001577320998062, -0.001728651372703, 0.000383944133813 ]
      - [-0.002664321276954, 0.056595228426022, -0.20517586924886, -0.003262699292705, 0.056181173661655, -0.17105035965373, -0.002231191707932, 0.05227523230047, -0.1911350109461, -0.000977945774479, 0.017271243538308, 0.003063093111202, 0.008974019611829, 0.041312698733213, -0.001919864256967, 0.008974770876926, 0.08353528086568, -0.008222852928599, 0.19834215630821, -0.91055041667642, -0.002939629551451, 0.052062999094353, -0.15741058437047, -0.001337762098376, 0.036051733912084, -0.10070345736529, 0.036126590771749, -0.102375609367045 ]
      - [-0.016135722593545, -0.152283007648125, 1.9460651288888, 0.000043659875367, -0.1820168952252, 1.5733250664686, 0.001244483704328, -0.185779829668725, 1.544759243073, -0.004791801264051, -0.038775172108342, 0.73209640275179, -0.006398133870856, 0.37264859275549, -0.008561495933285, 0.02967974610334, 0.30038769862148, 0.007152129304063, -0.91055041667642, 7.1521171573036, -0.01362983911449, -0.14724320029994, 1.76947201371715, -0.002985055294628, -0.13680741023906, 1.2518061442694, -0.144867399421075, 1.4237915265993 ]
      - [0.00245256268878, -0.013154259068308, -0.014034081958363, 0.000854945803638, -0.004196966719818, -0.001579970243073, 0.000372716044926, -0.001395409116831, 0.00129531785617, 0.000485112398771, -0.002587308112898, -0.006418089275597, -0.002590131395106, -0.00243716656205, 0.001064157938568, -0.005861572664203, -0.006510671384142, 0.000784192440842, -0.002939629551451, -0.01362983911449, 0.005270294149791, -0.045099004729823, 0.055765701408482, 0.000409487047988, -0.00195024793186, 0.000928971105873, -0.002016257512194, -0.002187654092549 ]
      - [-0.011289256394542, 0.13008097116077, -0.328988683871115, -0.004078399061916, 0.050994183891908, -0.143240671089605, -0.002152228589056, 0.035517093049608, -0.12600624538512, -0.002203129098288, 0.022507589791072, -0.00344672392755, 0.019943555930196, -0.000612099270527, -0.004333489612117, 0.034855232403704, -0.00476673461579, -0.003928201806745, 0.052062999094353, -0.14724320029994, -0.045099004729823, 0.85038970432725, -3.6821474457956, -0.002161103652925, 0.026802065144442, -0.069641554478064, 0.028954407075292, -0.081391065006675 ]
      - [-0.023979780054216, -0.25136055982094, 3.49661125107265, -0.007927898947826, -0.12512420708496, 1.3584129150389, -0.000793039393292, -0.15574809390125, 1.24286189115475, -0.007615346309739, -0.027086396768174, 0.83506479605916, -0.03245869904331, 0.96408632941547, -0.015911728883421, 0.010894712769134, 1.0449075011393, -0.007368646251637, -0.15741058437047, 1.76947201371715, 0.055765701408482, -3.6821474457956, 26.941112981094, -0.005711329739979, -0.075415899392768, 1.08203382236705, -0.096206776909729, 1.1416821606991 ]
      - [0.000522814026553, -0.002923477645247, -0.00325645378614, 0.000295602444981, -0.002057625254821, 0.000311296356997, 0.000368236083644, -0.003149729311464, 0.004351542152617, 0.000320802407807, -0.002260626627082, -0.000530323156938, -0.00261145511459, 0.001641573373581, 0.000361601274969, -0.002675866166063, 0.000262291511419, 0.000243926993031, -0.001337762098376, -0.002985055294628, 0.000409487047988, -0.002161103652925, -0.005711329739979, 0.001047533676252, -0.012574319255473, 0.025965052562663, -0.011974558987261, 0.023208836189231 ]
      - [-0.002067137525643, 0.03298602711869, -0.124342380242315, -0.002399567202891, 0.046133642609314, -0.170522898912645, -0.003019834938248, 0.057394440078234, -0.218041153679635, -0.002458323211857, 0.038259416226105, -0.11270129829362, 0.036819174343653, -0.111252736105915, -0.002463478013364, 0.034206839551681, -0.093565339135408, -0.001766960525064, 0.036051733912084, -0.13680741023906, -0.00195024793186, 0.026802065144442, -0.075415899392768, -0.012574319255473, 0.34178918676449, -1.7767272202607, 0.210290010277535, -0.68945189952997 ]
      - [0.005386576529244, -0.107960764577405, 1.0266332348032, 0.00235081442229, -0.1609584174355, 1.7635394562433, 0.000860120752287, -0.15670397713667, 1.8021834051365, 0.001400330322826, -0.13338775740023, 1.56717342503665, -0.13644936923584, 1.49013609604435, 0.000635234975849, -0.122220042869405, 1.42869928368985, 0.001577320998062, -0.10070345736529, 1.2518061442694, 0.000928971105873, -0.069641554478064, 1.08203382236705, 0.025965052562663, -1.7767272202607, 15.768718443157, -0.73216785226351, 5.342333887889 ]
      - [-0.002216275419723, 0.033969028512197, -0.13262041559522, -0.00223922142445, 0.045308988303281, -0.18289336606044, -0.002499212579448, 0.053647766146256, -0.22703427817786, -0.002222114310724, 0.040481409135926, -0.146321937506685, 0.036950119087724, -0.13160553163629, -0.002452048001558, 0.0362735446304, -0.116729156579545, -0.001728651372703, 0.036126590771749, -0.144867399421075, -0.002016257512194, 0.028954407075292, -0.096206776909729, -0.011974558987261, 0.210290010277535, -0.73216785226351, 0.316768018591, -1.56187645166655 ]
      - [0.002509341871952, -0.092919313416234, 0.995302964781375, 0.000496250749147, -0.144287896597025, 1.94792562768235, -0.000258954210389, -0.12519934735273, 1.85441303574735, 0.000591014118602, -0.13528913826875, 1.99483785853155, -0.13017481045085, 1.56490297457055, -0.001237356809829, -0.127903829137495, 1.631718763919, 0.000383944133813, -0.102375609367045, 1.4237915265993, -0.002187654092549, -0.081391065006675, 1.1416821606991, 0.023208836189231, -0.68945189952997, 5.342333887889, -1.56187645166655, 13.877559217677 ]
# }}}
